86,19
86,19
86,19
86,19
86,19
87,19
87,20
87,19
87,19
87,19
87,19
88,19
88,18
88,18
88,18
88,18
88,19
88,18
88,18
88,17
89,17
88,17
87,17
87,17
88,17
88,16
87,16
87,16
87,17
87,17
87,16
88,16
89,16
89,16
89,17
88,17
88,16
88,17
88,17
88,17
88,18
88,17
89,17
89,18
88,18
88,18
88,19
89,19
89,19
88,19
88,19
87,19
88,19
89,19
90,19
90,19
90,19
91,19
91,18
90,18
91,18
91,17
91,17
91,17
91,17
91,18
91,18
92,18
92,18
92,17
92,17
92,18
92,18
91,18
91,19
91,18
90,18
90,19
90,19
90,20
90,19
91,19
90,19
89,19
89,20
88,20
88,20
89,20
89,21
90,21
90,20
90,20
89,20
90,20
90,19
90,20
91,20
91,21
92,21
92,21
92,20
udllrduuurrulludulurlldrullddurrddluddldurdlldrululrrrurrulruuuudrrruldulduldldurlldlrrdruulrudrdrru
nnnntnttthhtnnnhnnththhtnnntntnnnhtttttnthnnnhthhhthhtnnnthtntntttnnthhnttthnnnhnnhhhhhhnnntnnntnnnt